1000
500 20 20 500 500 500 10
-115 -19 7 431 92 -225 10
-158 14 -8 -87 412 -60 8
160 -5 1 -416 -264 -372 -10
404 -9 -6 -438 383 396 8
170 -7 2 4 -285 -149 -4
338 -9 6 -173 354 -485 -6
483 -6 -3 -361 58 3 -3
246 -8 -4 122 172 -212 10
-188 6 -4 -60 -483 -222 -1
-366 -18 1 -117 -256 -419 -10
212 -2 -14 455 -71 -325 -5
-466 -9 20 164 -459 445 -4
-30 -14 9 342 10 -194 -1
214 3 11 439 -364 -262 9
261 15 7 417 259 -411 1
-253 -19 -20 110 411 390 4
50 4 16 -169 -102 425 4
127 -5 16 -13 -79 -166 -4
359 10 -8 328 -156 305 5
487 -9 11 3 -50 26 10
169 -12 19 117 113 -59 6
-248 -14 -13 -165 -102 -389 -8
3 -13 -8 395 -497 63 -7
484 5 14 26 -420 -374 -10
497 16 -16 -314 123 227 6
-57 -3 10 -342 -39 -94 -8
132 -16 17 -144 294 295 4
-246 -1 20 -408 266 62 3
-494 -13 -15 190 35 -173 -3
-64 3 13 315 245 270 -8
-467 17 5 -66 -129 405 7
-100 5 -1 247 437 -182 -3
-114 3 3 212 483 -207 -8
494 -3 10 252 8 -19 -8
19 -6 -8 439 390 -412 -10
351 16 5 411 -375 -148 -8
188 3 20 478 -303 448 9
-337 -5 19 433 -222 -288 5
35 -16 18 492 -356 -459 4
-255 -1 -20 463 440 301 -3
351 7 7 288 7 -474 10
-226 -19 2 417 498 -22 -5
-291 5 17 -230 167 265 3
-355 -17 -17 -201 -108 60 9
467 4 9 -287 -470 -261 10
-441 -17 5 405 -50 -321 2
171 -12 16 3 -141 115 9
-454 -2 -19 -284 -272 174 1
-101 12 -14 -407 -238 25 -5
-60 -10 -8 -111 -219 -355 -8
143 -8 8 -295 453 321 7
-156 2 10 -402 -72 393 -5
-133 20 6 -38 -441 333 -9
450 6 -9 -396 214 231 10
-494 -14 -4 -155 56 -436 -3
-90 -7 15 277 -82 327 10
173 14 -15 60 357 -5 6
442 19 20 306 174 -136 -5
-54 10 15 -423 -219 349 -4
-18 -4 19 -449 132 -429 8
275 19 -12 250 -67 465 5
337 -20 4 51 463 -119 4
-386 7 3 -395 491 391 4
319 -2 -15 103 -63 -243 -1
-407 16 -15 -144 201 50 1
453 7 12 -417 159 16 3
-190 19 -5 -188 261 103 -9
-326 18 -5 362 -335 -308 -2
-168 -19 -11 -266 426 65 -4
429 -3 2 362 -234 -494 8
-395 13 5 144 180 210 9
-176 12 9 -394 499 -448 5
-60 7 19 446 222 -293 -10
-356 9 -12 224 399 352 -1
207 1 15 94 -482 -310 9
369 -3 -17 -417 251 -334 7
-410 2 18 359 32 388 -7
-129 14 -13 -365 -235 303 10
92 10 -5 -403 338 -437 4
29 11 4 -8 425 214 4
339 -13 8 418 429 -189 -10
-280 19 12 63 411 -231 2
211 8 -8 -101 -37 109 5
67 7 14 -276 -116 -413 5
477 -4 20 -72 48 121 -3
377 -20 1 171 -322 432 2
266 5 17 79 -178 -489 1
-86 3 20 490 -45 -232 3
-499 14 7 -48 -385 73 -3
264 -20 13 35 153 -201 10
500 7 -6 282 127 -262 9
-299 1 -17 311 -495 -452 5
431 -3 -2 240 184 -500 10
-146 -7 19 -380 -489 360 1
496 -5 -19 231 101 177 10
26 2 -3 228 160 -142 3
-228 -3 1 -60 97 -298 -7
-37 -5 12 437 -24 -472 2
192 4 -8 471 84 -480 3
428 17 9 261 424 488 -2
-65 6 -14 -230 471 385 -8
-137 -2 -16 -84 -283 -378 -5
-499 -9 2 14 -121 -276 -1
-443 -8 -7 -377 -45 -255 10
196 -2 9 229 368 -423 -10
-309 -9 -3 49 90 -485 2
-158 2 -10 459 476 280 -9
217 3 12 -12 270 396 3
329 3 19 -461 -346 -149 -10
-276 -9 14 -380 448 19 9
-329 -19 1 -201 312 -243 5
-36 3 -11 -239 -384 -365 7
218 20 -3 -251 54 15 -3
-328 -5 -15 176 295 -244 10
392 18 -6 -252 8 231 9
-41 9 -2 -179 233 252 4
-179 3 -3 -7 -300 460 7
440 4 -3 -224 -215 67 4
-114 16 -5 258 -145 -413 4
-341 11 11 45 -26 -62 -7
-1 17 -3 439 -159 -208 -9
460 17 -14 -5 -427 -36 -6
380 -1 -10 130 -294 23 2
-450 2 4 -2 -16 418 2
-371 11 -5 -334 220 362 3
-382 12 -11 159 -256 -265 7
13 -8 -13 -464 -405 -448 -4
-373 7 10 496 100 -163 9
-125 -7 10 -79 324 276 9
296 1 20 117 -340 -282 -9
490 12 10 -196 -482 -319 -7
-295 11 -1 110 -259 19 -8
-499 18 8 -90 16 -286 7
399 -6 -11 331 319 32 -6
367 10 -2 269 123 301 -1
-492 12 -16 57 -65 -409 5
-438 -17 -6 -325 -207 -45 -9
-265 13 -8 -189 297 383 2
87 -15 11 147 158 -263 9
-138 8 4 382 341 -470 8
449 -7 -15 -213 -80 -371 -5
207 18 7 399 117 214 5
149 -15 -15 -370 -82 -330 -2
389 20 8 308 -230 271 6
-231 14 2 186 -149 -267 -9
14 4 4 285 -115 141 3
154 3 -18 -460 224 -402 2
108 -17 -16 297 -113 143 -1
237 19 9 149 -76 411 8
-233 5 -14 300 399 381 -6
117 -16 15 484 345 264 -7
-402 -18 -3 102 -447 -250 10
375 -8 -4 85 226 436 2
82 19 14 256 497 -47 2
259 -2 -3 483 -248 89 7
-49 20 13 -322 446 356 10
-254 5 14 483 -46 -188 1
248 7 4 172 338 437 -10
-3 8 9 -387 5 -380 -5
-199 -15 -6 -295 327 427 9
-128 -9 1 -492 176 500 -5
-441 -14 15 299 -104 223 -10
21 -16 13 -375 457 -132 -3
248 -10 3 471 266 336 6
93 -10 4 291 32 421 -3
-376 1 14 -411 -439 312 6
-61 -14 1 7 -473 -220 -3
-23 -12 -16 102 84 284 4
-274 -13 13 98 343 156 -8
-163 9 20 240 460 315 1
305 -8 -8 459 -451 155 -10
411 -13 10 136 -39 222 -2
-432 20 -6 -478 -135 295 10
-10 16 7 -291 -55 -132 -7
-379 -9 -10 -262 -267 -203 -7
-279 20 15 453 -373 -176 8
-47 -20 7 -206 132 313 9
334 14 -14 322 37 -258 -5
36 5 19 -244 37 -482 -5
-113 20 -4 -16 -158 163 2
-162 -10 13 240 -5 177 -10
181 18 -9 -365 -43 -180 4
-324 -7 1 446 350 132 4
-483 2 -11 8 -358 384 -9
-354 -7 19 71 99 206 9
-111 11 2 -63 277 -321 7
177 -10 10 198 -13 -209 -10
100 -5 15 -421 -166 96 7
-96 19 -18 245 -90 -131 4
362 9 -2 79 140 360 10
-78 -5 10 -495 -155 407 1
-390 -14 -17 149 -322 194 -8
137 -2 -19 -235 -247 -179 6
-477 -17 10 -128 66 315 -8
486 -17 8 -412 31 425 -8
-374 -5 -2 81 2 241 -8
-289 -20 15 -65 -403 -235 -9
-243 4 -20 -26 -311 -460 -10
-188 -2 4 229 -37 -308 9
474 -16 -8 399 -292 -265 4
-90 20 -12 416 428 491 5
-49 20 -9 317 -286 24 -9
369 17 1 64 375 -370 7
-251 -5 -16 -488 497 414 -9
-72 -10 4 -474 308 182 -9
207 -20 -1 -68 -394 155 -1
-120 -16 -15 -106 134 174 10
314 -18 -2 -210 -113 -297 -8
141 14 16 350 147 205 8
219 9 10 -8 -166 376 -10
-154 6 19 140 177 49 1
414 13 10 42 338 207 -6
-485 4 17 -344 -460 204 -10
42 20 11 394 350 -260 6
13 7 15 194 -330 -498 -1
74 -12 -7 -207 -74 287 -10
-107 2 -19 -380 191 -212 -2
101 14 -8 315 61 -175 -7
211 12 19 315 132 -381 2
60 1 -13 -438 -430 -255 8
-335 19 19 -330 64 -27 -3
278 -8 5 -491 -216 -24 -4
329 -19 6 54 306 -72 -5
455 -10 -3 192 -320 -163 -1
316 10 10 430 -176 -211 -1
439 7 11 -452 354 -395 10
79 14 11 -361 114 261 7
-434 15 3 -215 111 33 -5
489 -17 -15 -292 29 -249 -2
140 -10 14 478 245 -473 -10
-15 8 -11 -143 171 288 -9
43 10 2 -73 169 208 2
398 -9 -20 5 -431 -477 2
404 7 12 -301 317 119 -1
159 19 -14 -426 -468 -125 10
-124 2 3 340 -204 -307 3
-155 17 9 149 -326 -456 5
-179 -20 -16 -400 456 -499 -5
469 -15 -4 -384 281 -301 4
-304 11 6 202 -61 496 -3
-4 1 3 -348 254 48 -1
-231 -2 -18 287 119 500 10
226 -9 -9 -64 144 -460 -1
347 -7 -8 199 307 432 -8
186 13 -6 9 54 48 -8
-62 -18 17 411 -109 -88 -3
333 -8 2 -189 443 -270 -6
-212 6 19 416 85 24 -3
479 -8 -17 -34 269 102 -10
-484 4 -2 75 -145 -241 -9
2 6 8 401 -285 310 5
-345 7 15 354 89 382 5
-210 -15 -17 -56 57 500 -9
-232 -2 -8 311 -43 -116 -8
-368 -4 -10 -284 394 -269 9
442 17 16 200 -307 278 -10
-414 -16 5 68 29 231 7
364 2 -12 58 429 75 -8
414 -4 -14 308 284 -367 9
493 -20 -11 298 243 39 -4
466 5 6 432 -227 -122 8
223 10 11 -429 378 383 9
-82 1 -14 399 -17 -126 -5
-485 -1 -17 164 -169 133 10
-308 -13 -16 -318 -249 292 -7
480 -8 7 -454 397 161 2
291 11 -9 169 -169 -160 -6
-204 20 15 -433 -116 262 -7
495 6 3 380 85 -368 10
45 16 19 -369 407 -175 10
-140 -8 19 -499 435 -500 4
295 11 -6 -90 -450 -165 1
290 2 -20 382 315 119 3
367 8 -11 -316 441 205 5
-431 -3 19 395 -479 299 9
358 -3 11 403 406 -133 7
-316 -16 7 -28 -57 137 -6
117 -10 -16 -351 -332 -257 -2
-101 -16 -8 -265 498 427 -6
62 -13 10 259 183 -373 10
475 15 -8 -254 -362 -433 5
-398 -10 -16 -407 -432 309 -3
3 -1 -7 420 345 -246 -4
57 -1 -1 -46 166 -76 -9
-477 -15 -13 213 210 -35 -8
239 -18 10 492 -405 -28 10
190 -14 11 -284 209 375 -2
-446 -9 -9 159 298 303 8
-69 -18 3 -426 335 455 2
232 -13 -16 -47 366 354 6
-401 10 -12 -468 -130 121 -7
-122 16 4 173 -396 59 -9
391 -16 -17 -49 132 -86 -10
118 -12 6 478 -445 166 -5
-116 -7 -11 -351 -320 -364 6
-151 -11 -10 -66 -459 -297 -10
-22 7 -3 102 91 98 -10
87 -10 -9 353 -231 343 8
-495 18 6 -244 382 100 -5
-282 -19 -13 -384 184 290 5
113 -3 -8 -345 418 -225 10
-465 12 -4 131 -496 329 4
-373 3 12 -363 -26 499 10
-80 20 -14 4 471 497 -6
36 10 17 233 183 -44 7
-79 -3 -15 -9 -195 122 -9
-334 -18 -12 104 -341 -404 2
-134 -4 5 -488 307 -217 3
-119 -6 7 199 471 309 5
-135 7 -10 -287 -136 388 -2
101 -17 1 313 -270 -166 9
-129 -20 -20 75 136 195 -8
-40 -4 6 -441 -227 -324 6
-370 1 -16 458 -117 -165 -6
-494 8 8 -100 -121 -230 3
-257 1 18 350 231 -222 8
-424 12 9 -181 -130 -121 -10
-416 -9 7 248 -231 283 -9
235 3 2 56 -92 -253 -4
421 -18 -19 232 45 -21 -4
462 20 19 -307 184 -134 9
-194 -18 7 41 -239 446 6
-118 -19 -12 498 42 211 2
81 5 -16 -382 28 149 -1
198 -5 14 -172 317 169 -3
-430 14 9 -436 238 386 1
417 -9 -17 -291 116 264 8
399 7 3 82 -67 223 -1
-250 -12 -2 476 -113 128 -1
-14 -10 -17 -392 -274 -96 -5
-89 15 19 28 -188 -29 -7
37 -12 17 -137 431 285 -5
410 -11 -13 280 398 401 -3
117 -17 -10 296 -389 -33 -7
-434 13 5 -476 -43 457 -9
375 -7 7 176 190 107 10
456 -1 14 409 415 -285 -10
-314 11 -7 106 143 -478 -10
227 -6 -3 -455 232 -140 5
-26 4 -6 -114 -381 131 -4
-54 8 8 64 -354 101 2
96 13 15 283 401 -44 -9
-125 2 -10 -114 -220 285 5
190 -10 -10 -19 -399 -433 2
409 -18 2 84 320 -184 1
-487 8 2 428 485 -240 9
356 -6 2 -301 -63 348 -7
7 17 -16 364 168 -69 -9
-112 18 20 -114 426 -106 1
-380 -16 -18 -339 212 15 -10
-47 19 -5 348 -120 457 7
433 -5 -10 -316 -211 129 -6
80 -13 -5 201 236 -300 9
-417 10 13 345 439 -132 -9
176 -20 13 249 302 41 -9
-114 3 11 122 -214 26 -10
107 17 -11 -331 -164 314 -3
-432 -17 -14 -62 -382 315 1
211 15 -16 -421 398 315 4
305 15 11 245 451 102 -4
-420 7 19 -356 -361 -104 -1
-377 -5 15 131 -150 -468 9
291 7 -13 -221 403 467 1
-292 -7 14 213 301 -329 -7
-29 7 -18 143 -31 -100 8
-95 9 13 -278 122 447 -3
286 2 -5 -243 448 202 9
23 -5 15 263 -417 -418 -3
231 17 -20 115 -182 -372 -5
-326 9 -7 -317 364 -104 -8
-452 15 5 310 -379 -497 2
-44 8 6 291 105 -90 -4
-20 -10 19 -312 -188 48 -4
80 -19 -15 -396 335 -107 3
10 7 6 -166 330 -258 -10
168 9 -11 215 -436 -484 4
-139 1 18 121 -121 -396 6
9 19 -14 428 -449 389 7
-320 -7 4 -109 -233 -349 -3
-461 18 11 426 4 -40 4
-381 20 -13 -39 -37 36 -3
203 18 -2 120 -117 -287 -8
12 4 1 45 -290 330 8
326 -20 9 -452 -362 -2 5
481 -14 -16 -215 145 434 -6
-381 20 -2 26 109 -426 -7
-288 -18 16 -48 -276 247 -2
162 6 15 201 234 -168 1
-383 -17 -1 -364 135 -315 10
-12 2 12 237 361 24 -10
101 -7 6 -205 138 -271 -4
67 -19 18 -63 -13 60 -5
419 -15 18 -283 336 34 7
322 -14 4 -432 402 182 3
24 -8 2 -146 21 -38 -7
305 -15 -12 -445 357 -243 8
-115 -9 17 -432 155 -66 -2
-133 6 15 -264 -137 1 3
96 -16 9 -396 -54 -89 4
-292 2 -8 416 -417 -96 -6
-400 -8 6 -182 -137 220 10
195 6 -11 -150 272 -84 1
446 9 -3 -285 100 -484 4
-8 7 14 -372 365 288 -10
-241 -11 -15 23 -100 332 -2
-111 -19 19 -298 317 -217 -7
110 -10 13 5 156 23 6
-266 12 17 -423 -211 99 9
175 15 5 135 45 -426 -7
-376 -18 -8 252 -40 -340 -8
-193 -10 -4 -272 -428 -211 6
-345 2 9 -293 -223 11 3
70 5 17 -47 229 166 8
-151 20 -11 277 288 356 8
-94 -13 11 -213 -429 308 2
-333 14 -5 -338 -143 -65 -9
427 -10 -11 444 -496 -185 5
-368 14 -1 124 366 -408 -4
-232 8 8 210 119 199 7
-7 18 10 320 431 327 4
-11 -19 -20 489 126 49 2
-283 -1 14 -433 400 -95 7
68 10 -20 -323 477 210 2
-242 -6 1 145 -27 145 -5
-46 7 -1 -44 -456 285 -2
-132 5 11 -463 -399 -178 9
-451 6 15 -79 329 57 -5
63 18 -5 437 -20 -278 6
-17 -5 -16 476 291 -45 9
25 9 -12 -140 -383 -162 -5
28 17 -1 -432 -3 498 -8
163 -8 -11 -32 -174 -94 -1
460 16 -14 -136 -386 233 -7
434 -8 -6 50 -143 441 -8
384 -4 -11 -265 380 -459 -3
302 -18 4 402 202 172 4
-450 -17 15 -431 183 441 4
23 15 6 470 -323 -165 -8
-359 1 -8 -449 328 253 -3
-477 7 4 77 216 421 -9
95 -7 11 -67 110 216 -3
-319 -14 -12 -211 375 450 1
178 -18 -7 180 223 459 -3
81 11 1 17 300 -413 -5
-108 -19 -5 -421 432 -71 3
408 17 19 -183 254 434 -8
-484 1 -8 -341 103 -375 4
219 6 -15 -285 -44 455 6
-299 19 -12 -434 494 112 5
-17 12 7 -14 -71 -359 7
-189 -13 -8 292 -458 -445 1
133 -1 -16 -425 -149 397 -7
417 1 -5 -394 417 194 -5
382 -8 -1 332 -406 -355 6
-474 -6 13 113 493 -284 -5
95 20 7 -374 -92 -60 -2
-82 9 10 -215 -461 172 3
-308 -15 -14 -391 -232 -496 1
444 -10 -7 161 486 -309 4
453 -3 -4 97 -145 304 -9
-436 -10 2 335 -140 -137 8
-189 -11 -13 279 327 308 -3
-359 8 -18 265 -237 -411 -5
-27 -18 6 64 -178 153 -4
-240 -20 -12 -284 161 -424 5
293 19 -4 253 199 453 -9
148 -7 6 498 304 345 8
243 16 1 -377 -408 319 -1
496 6 -1 273 -195 419 9
289 2 3 115 400 -165 -10
68 -20 -14 -247 -246 350 6
226 14 11 -433 439 -71 -10
-407 14 -5 295 -274 -376 6
-288 -14 -10 -97 -115 -147 -8
45 -18 -19 -325 -47 477 -9
-256 7 7 160 -232 -213 2
-72 8 17 95 368 341 -3
38 -1 6 283 -91 411 -2
369 19 1 169 493 -40 -5
205 10 -12 374 -86 -119 -10
-223 -5 -12 -327 255 314 -2
-181 7 -2 -356 -176 -240 6
66 -3 7 -488 457 -277 -1
-32 18 -11 -223 -405 46 -4
-120 -15 10 -335 -302 -38 -1
-115 -10 -6 20 -101 -130 2
-489 15 20 198 -211 -370 4
-451 10 12 -219 228 193 -3
104 -13 20 -423 4 71 7
163 -14 -17 -155 -85 394 10
-121 -7 -3 155 -161 -362 1
86 -18 -13 75 398 -232 -7
-496 -19 -3 -315 -472 -478 5
300 14 12 496 424 -315 -6
222 18 20 -104 -69 -4 -4
237 -8 14 479 394 136 -4
352 14 -1 430 -272 -28 2
341 -19 14 -149 -137 136 -2
139 6 16 -291 319 -34 2
363 -14 17 55 50 344 5
-398 -20 -1 401 -157 97 -6
-417 2 -20 -337 -105 18 10
-391 -20 -4 452 458 -274 -1
453 -9 -7 -247 262 422 -5
183 3 -5 -468 -292 -76 8
-91 5 13 461 -463 228 10
-238 -8 -13 -351 490 290 -3
94 -13 19 228 -381 477 10
170 8 1 359 -81 318 -2
-168 -18 1 428 -194 -306 7
265 -2 1 -88 -114 263 -1
-330 2 -1 -334 -455 -370 -4
384 7 8 -74 437 -224 -2
-238 -9 -2 -257 14 -338 -3
312 19 -2 -432 -302 28 -2
22 -5 -3 -34 -157 409 -8
-110 -7 6 89 307 -55 -5
-169 -18 9 -261 234 232 4
88 -15 -4 210 106 -237 6
-150 3 15 61 -398 481 7
411 -17 -10 68 -160 -308 7
289 8 5 -365 100 -318 -4
-428 1 -5 -497 132 -218 -2
453 3 14 457 -458 -157 -8
-57 8 5 -62 -437 176 -6
-312 7 -11 -479 -211 -499 -8
423 5 17 -465 205 -500 -10
190 2 -19 -6 -1 -349 -10
295 13 13 271 -254 393 9
-24 10 -16 133 459 394 6
-449 -18 11 -484 315 245 8
-421 -10 11 74 116 477 -9
370 4 -8 -436 264 10 4
-68 11 12 408 -427 -163 7
-116 -18 -11 199 339 316 -2
468 2 -10 1 203 -25 8
-110 -10 -11 333 -461 129 10
-353 -14 -14 493 -122 248 -5
404 12 11 -179 -187 457 -8
257 -3 15 196 -487 401 -7
-345 8 -17 131 -395 -496 4
280 17 11 15 -75 48 -4
49 -20 -3 376 -291 131 -6
276 7 -3 217 -467 480 -2
496 -6 -3 -136 154 15 -2
-433 14 14 -398 -237 497 3
350 16 -19 -22 -331 233 3
-67 -15 5 -121 -310 345 -10
184 15 11 -490 236 -16 -3
152 -5 14 139 -234 -333 7
-385 -7 4 -478 103 -456 5
294 -8 -3 129 -32 -479 -10
-104 -2 -10 -345 419 -68 -6
-108 19 -10 -338 -403 223 7
-383 -16 1 -250 404 96 4
-204 -19 -13 -469 -454 -259 6
122 13 6 -121 -260 239 5
124 -1 3 -161 -90 -254 9
-83 -3 19 -47 69 -305 1
232 -13 -11 -64 -318 -109 10
-460 16 -9 468 -310 -408 9
300 -18 -2 281 -296 -490 -3
-337 -20 7 308 -311 -245 4
105 14 -3 -69 -253 -40 -2
309 -2 -15 -487 -196 -279 10
-101 -10 2 -82 178 -158 -2
-316 19 7 -307 434 33 -4
340 -4 -9 -485 -319 356 7
-356 -7 -20 487 -446 -250 -7
-265 16 2 -271 482 122 3
-172 3 6 -436 -446 -442 9
493 15 -12 256 -40 -68 3
-266 19 -8 -403 173 438 10
-14 -9 20 382 250 -59 1
71 -10 9 190 249 476 -3
280 -13 19 -25 268 249 6
57 -5 -9 -437 160 -215 9
245 17 18 30 494 327 -3
152 -14 4 -132 216 207 5
-461 7 -1 345 -218 330 -1
-404 -5 -3 51 406 455 9
-383 14 8 -281 108 -105 -5
357 -15 5 -70 -495 -214 3
-410 -1 -20 -103 -380 164 -8
-184 10 19 -315 -196 -264 -10
-80 5 5 -449 -375 -348 -4
-352 -1 19 9 -290 283 -1
337 9 11 138 340 265 4
428 -10 1 399 29 310 -1
193 20 19 -334 -221 -138 7
478 -7 -9 279 351 90 -4
395 -10 5 -429 207 -369 6
89 -4 2 417 -461 -190 9
388 5 19 -343 -227 63 2
-285 7 3 310 24 -279 -1
122 -1 -18 -8 -291 -12 -7
-135 15 16 237 -496 334 -6
152 -19 7 -179 360 82 4
238 19 9 -78 -374 200 -9
169 -15 -11 111 -342 414 -3
-309 -18 -16 436 -370 -107 4
373 -10 -20 -58 -307 391 7
-462 18 -8 404 -417 -66 -9
-44 -11 14 -15 -78 -117 9
372 -16 9 131 18 88 8
-267 -4 -19 -152 -261 -224 3
404 16 -2 -89 -74 456 8
-145 -3 -10 -364 103 -122 -9
-143 -8 8 130 -263 429 -3
63 7 -4 446 -479 165 6
-414 -16 20 427 55 471 3
-253 19 -11 119 59 210 -3
11 4 -8 9 200 279 -2
-324 -17 -12 107 64 355 -1
-345 -16 -18 160 -410 -184 6
248 -6 -12 -162 -359 -362 2
402 11 -12 430 -242 -206 5
-289 -20 -17 -188 -330 496 -10
-486 7 -19 259 434 327 4
-151 14 19 -1 365 9 -5
-358 -9 8 99 459 -462 2
331 -15 8 -431 -244 116 3
-157 4 5 467 -198 248 10
-403 6 13 -327 140 -48 -7
25 -20 -16 238 -197 251 -10
-428 6 3 424 159 301 10
-167 -7 20 -46 153 -404 -8
163 18 -5 -224 91 64 2
-343 4 -5 -20 191 404 3
68 6 -20 -211 -307 -73 9
151 -15 20 -119 -440 -188 -1
82 -9 -7 200 -399 -282 -6
-275 -2 16 171 359 -61 -8
35 -3 -6 313 384 174 -5
233 -16 -17 -81 105 -23 3
-481 13 -9 114 293 -30 -6
279 -8 13 337 8 -438 -4
-130 -9 -11 391 3 -114 -3
193 -19 -8 -404 -226 -348 -3
406 -14 18 375 12 -24 -4
-438 10 -14 -240 -459 497 -8
473 -6 -6 -1 -433 61 -2
-441 17 20 287 -356 467 5
-397 16 -8 -500 -84 -202 -9
-105 9 7 282 95 359 -10
100 -10 -2 152 -40 424 -8
364 -1 1 -160 -353 88 -3
63 -15 -2 -398 119 -19 -3
446 -17 -8 -392 121 105 -9
-437 16 18 -232 65 -332 -6
-394 -17 -11 169 403 -470 -8
-110 -19 19 199 458 -56 -10
388 14 -1 360 51 125 -9
-148 -17 -20 483 -185 90 6
-301 -8 19 -457 -59 455 5
-395 18 11 368 175 449 -8
121 11 8 48 -252 69 -8
-57 -5 8 -392 -276 -127 -4
160 8 17 266 401 -443 4
-292 -19 -12 -30 174 468 -3
16 -2 -19 345 -322 53 -9
-399 -1 -19 346 -482 182 7
-189 11 10 -499 145 -168 6
-15 16 9 -37 51 -443 5
165 19 -2 105 -89 443 -7
224 -9 5 259 137 -236 -5
-283 -11 -15 375 -266 -447 3
92 -6 17 40 -329 -126 3
-21 -8 -4 -358 -397 253 -7
488 -20 -1 -486 -472 209 9
155 -19 9 -275 82 -469 8
147 5 -2 -12 -244 349 -1
-374 -8 -19 357 -421 438 3
445 17 2 -339 342 134 2
343 -2 -6 172 -259 -291 5
425 -19 10 123 -100 147 7
434 -15 15 405 -486 -283 7
-87 17 4 82 141 -105 -1
285 7 -16 260 398 402 6
204 10 -6 206 31 -73 -2
235 -12 -16 59 496 -102 -3
-367 -20 3 373 -100 -87 -7
202 19 13 273 -180 499 -6
-398 6 20 -43 -415 -55 4
-215 -19 2 -460 -349 306 -5
-477 8 19 -370 -257 177 -2
-291 9 5 -415 62 -384 -8
236 -16 -12 -491 13 274 -7
-9 -6 16 102 -270 225 -6
18 16 -15 -415 373 42 5
319 -12 -2 -34 212 79 -2
144 16 8 290 106 306 -1
-263 -19 9 -142 116 319 8
-272 -7 -19 -191 -107 195 9
403 17 6 252 -25 284 -8
328 5 -7 316 -364 -49 5
-2 -3 5 -495 328 360 5
192 20 -3 116 -154 93 -6
29 -5 4 45 340 34 -4
-157 7 17 355 11 -223 9
232 8 -7 250 56 -360 -8
-293 -10 -7 443 -493 -23 5
-389 5 -6 176 477 -468 -2
-10 -13 -16 84 284 21 -8
-253 -13 19 483 -333 200 -4
-21 13 15 363 346 -160 7
-320 -3 19 421 -296 18 -2
268 -4 -10 -64 82 -106 5
-87 12 11 13 364 489 -2
-159 -10 -11 392 46 314 2
-479 -2 19 -8 -424 454 -8
-134 16 -4 -424 197 311 2
437 -5 -9 367 57 480 3
-281 -13 4 -377 -197 -267 -10
333 12 2 156 452 -198 5
-462 13 10 -361 -16 -445 4
-127 -15 -16 88 3 -261 6
238 -9 7 123 376 -390 -6
-483 -17 18 -493 -18 226 3
-83 16 16 -9 -348 -295 -7
-350 -14 -10 94 -297 -215 10
-216 5 -16 -381 434 -2 -9
-55 7 -9 -406 -312 -416 -10
-241 -3 11 288 79 281 8
-48 10 -19 -255 -133 96 6
-162 7 -11 425 -276 -13 7
-378 14 4 144 43 -456 -2
-350 -2 -7 430 468 119 7
-99 12 4 490 -318 -434 7
268 -3 15 -75 385 -296 7
186 -7 12 272 364 106 -8
454 -3 19 172 -105 -474 7
-315 2 4 331 386 -98 -10
-441 -14 -16 -390 -265 75 -4
35 19 -5 -168 -186 50 5
383 -14 1 182 -106 182 -9
384 15 -2 -11 -474 -296 -3
-37 -20 19 493 -368 -290 7
482 17 15 -284 18 210 3
298 -3 1 233 -441 -134 -8
-370 20 -17 355 -224 407 5
419 10 3 199 -220 -428 -9
252 -19 -17 145 -72 -60 -1
286 14 9 -424 219 -314 1
21 -6 15 -496 310 173 -8
-89 -8 4 229 234 81 -5
-64 -18 1 209 294 -475 3
-233 4 -12 -399 86 -486 8
170 4 3 -218 129 157 1
147 8 19 286 137 197 5
226 12 15 -162 -39 335 -9
-446 19 -16 -103 -62 -283 -9
291 -18 -15 131 352 20 2
167 10 -5 -91 420 -172 3
-18 19 -8 107 243 -158 3
483 18 16 116 -392 -78 -10
-359 -9 -1 130 352 249 10
-176 -3 17 -455 311 377 -7
-179 -20 -7 -358 -295 -472 -6
-280 -12 16 -194 153 -288 9
117 -16 -15 -446 223 334 -2
314 -18 12 -491 -358 -404 7
249 20 -13 130 3 226 7
-158 -7 -19 -329 367 -344 1
213 20 2 374 278 326 6
-332 -13 -10 50 -222 -348 6
344 3 -13 251 -196 276 -10
24 15 -2 118 -361 -36 -6
-175 -1 1 -429 -266 93 8
490 11 -7 -152 -49 85 -2
206 -20 -13 431 25 154 -6
450 -9 3 -19 495 265 -1
73 -1 -3 -222 363 -91 -7
-453 -18 -7 -113 455 394 -2
145 -4 18 -420 -356 -319 -10
483 2 13 260 469 164 3
316 -10 13 128 -456 -194 5
-251 -3 -13 -451 -38 -248 -3
95 4 -19 307 242 52 -6
178 19 20 37 -320 347 4
20 18 18 -352 191 413 -8
-219 -11 -7 29 120 476 -3
150 -1 -7 498 -328 414 -9
-318 -19 18 -427 -394 -328 -2
-47 15 -15 171 336 93 8
-377 14 4 -373 79 -474 10
-455 -16 -11 340 283 45 8
227 -4 15 450 -122 -425 -10
348 -1 -16 99 226 335 1
-134 3 8 291 -397 23 7
330 -17 -1 434 63 106 3
417 19 -1 486 -441 324 2
-368 -4 -20 -128 -98 -486 -9
-204 -6 -18 -398 -101 -353 9
-123 -11 18 239 420 -59 4
-357 -3 9 495 418 -96 -9
-220 18 8 21 -171 220 -3
408 14 6 -419 30 -410 6
380 -2 -2 406 500 18 8
418 9 -6 209 -47 179 7
169 -5 -17 172 429 130 1
-304 15 4 -489 -133 395 8
495 12 -19 442 62 372 7
-315 2 -19 -310 431 -185 -3
416 17 -13 -412 -456 -396 -2
191 8 -17 280 119 -411 -7
-271 4 -15 6 235 171 -4
-61 2 3 -322 223 358 -10
346 -15 3 97 430 -314 -8
160 9 8 157 37 -218 -8
196 -7 16 218 162 -142 -4
36 -5 -17 -101 -496 -323 4
178 -9 12 -457 57 84 -5
-288 2 13 247 1 61 -7
179 19 -7 199 91 -239 3
-87 -16 -4 424 283 281 -10
-132 19 -15 -454 130 169 10
-434 8 1 -218 -471 -231 -5
83 12 14 -234 76 254 6
-108 -1 -8 -141 -296 444 10
-337 5 -7 420 408 -147 -3
352 -13 -3 -491 -349 302 8
-11 16 -14 -159 -234 33 8
164 9 -8 -465 -39 386 -2
285 -10 -5 -68 -210 55 6
112 -16 -4 -382 70 73 -5
353 14 -18 -92 311 -146 8
433 -8 2 168 236 -423 -9
13 -14 14 192 -127 -77 2
325 14 -7 -142 69 -336 -6
240 -12 20 -126 498 343 -2
-437 18 -20 431 -315 -433 2
-48 -9 -4 -31 -394 -146 -1
-233 -20 -20 -454 80 -241 -2
359 -8 -10 73 295 447 6
336 3 13 457 485 249 -8
149 -4 13 -384 -126 376 10
-207 -19 -16 456 373 311 -9
-12 9 -8 71 179 -474 -1
-332 16 8 484 107 456 -4
40 7 15 165 23 -43 -2
499 6 -1 215 184 305 -1
423 10 3 -302 267 -387 -10
-356 3 -13 -350 337 -103 10
293 15 13 -47 -194 -435 10
-241 10 -7 384 451 -258 -1
126 -7 4 -248 116 208 6
-476 3 -17 -188 270 243 7
-8 16 -1 -351 -353 -438 -5
-387 17 -8 459 -304 -343 3
407 11 -1 100 429 -164 10
-341 -7 9 -113 -367 -440 -7
98 3 14 21 -264 92 1
475 13 -19 -44 -289 -4 -7
-269 13 -2 367 -223 -198 -1
204 17 -9 339 315 173 6
-256 11 17 -37 321 218 4
-290 -20 1 -76 -372 -350 4
462 2 10 41 -283 86 -1
16 19 -8 -296 -388 -70 -8
359 -20 3 -203 27 382 8
-90 -2 -19 102 410 334 -1
-338 -10 3 352 -106 -311 9
391 4 8 -184 -456 374 1
239 -14 -20 90 485 320 -5
143 -12 2 187 267 258 2
266 12 4 -446 304 -42 1
476 -12 -17 401 -393 -355 -3
307 -5 -8 257 443 184 -7
322 5 18 394 146 -60 -2
19 -14 5 -453 -354 399 -2
-358 8 -10 -219 -352 -49 -3
-323 -12 -19 -97 473 28 10
435 14 1 240 385 53 10
-436 -2 13 421 -256 -426 -3
186 -5 7 -395 82 84 3
-476 -10 15 387 -449 238 -10
78 8 13 269 86 -454 -2
-127 -12 20 -145 400 66 -8
132 11 -4 490 -310 -155 3
395 6 18 184 57 495 -6
-325 -10 10 299 -460 -25 -10
-192 12 9 315 -181 1 1
-13 -18 -10 229 -167 110 -1
139 2 -17 371 -453 -224 -1
137 4 16 311 16 -302 -5
294 15 -1 57 -25 -484 3
-20 11 -5 211 -370 -243 4
484 15 8 -170 256 -241 -3
326 -15 -3 454 201 -220 -7
454 -2 -4 -56 -453 396 3
201 -3 13 303 401 -112 -3
-64 -16 4 395 269 -479 -1
384 -18 3 251 25 -354 -7
480 -11 4 36 440 170 -3
-369 -19 -13 418 -488 -61 2
267 -5 -3 -284 -2 -460 -3
494 -4 12 -458 -400 -332 -4
-233 11 10 -56 -477 242 1
492 1 19 -232 -361 -332 -8
422 16 7 269 448 -452 2
-122 -16 15 -305 411 -184 3
51 17 19 -8 -65 270 4
238 13 -8 -318 424 467 -8
159 10 -18 -316 -380 249 3
-225 13 10 472 28 186 -7
-116 13 -20 235 -248 -196 -3
-158 7 -17 484 -384 438 9
-40 -6 -6 287 2 -458 8
-212 -9 3 479 95 -223 7
403 -8 3 101 -246 -322 -4
-22 13 -5 -176 -34 102 5
-54 11 5 -418 -199 448 -8
-500 19 13 259 -38 21 5
-81 10 -17 451 -343 463 1
143 15 14 -375 -290 -340 -6
-286 4 -16 -361 -103 -44 3
419 -3 -13 -488 -97 126 -6
-56 6 -12 293 -160 405 4
463 19 6 -206 -20 258 -8
311 -3 15 266 50 -259 6
261 -12 -18 498 414 201 -4
-203 14 -2 370 -148 92 2
-186 7 -11 -487 -318 -264 -6
-344 16 -10 148 -261 -421 5
158 6 -3 -336 155 -431 10
44 -1 -13 90 -86 432 -1
-305 2 -10 -243 410 -456 -2
469 4 -6 387 -90 382 4
483 -18 -11 -266 75 321 -7
-52 -9 10 311 3 233 7
149 -5 13 215 446 -129 9
-298 -8 -1 -2 -155 491 8
344 7 -8 339 450 -434 7
104 2 3 -177 429 -299 -4
312 -19 2 -457 477 454 3
475 -19 19 413 186 334 1
283 -15 -18 462 -165 -72 -3
-422 6 -17 317 319 -304 -6
-297 17 5 -499 312 71 -7
-10 -17 -10 299 -377 -206 7
-5 -3 -6 159 -190 279 -8
61 9 16 -434 118 -131 -9
232 -9 8 -317 389 -361 -7
-438 -2 -12 203 271 412 4
268 6 1 460 -37 -442 -10
-207 -19 -2 -19 492 -158 -7
381 5 -5 175 482 173 6
351 -19 3 348 247 -187 -3
-460 9 11 425 -273 91 -6
252 1 -1 -143 -399 -196 1
46 20 18 -6 -321 -257 7
-125 2 17 -55 273 -494 -5
239 -4 -5 -422 136 -375 -4
-78 5 4 97 79 306 1
342 -4 16 -273 -163 -413 -3
376 14 -14 156 446 146 2
404 5 3 323 -370 -156 7
477 5 6 466 245 489 7
-47 9 -15 318 -101 146 -6
174 1 -3 -393 -408 -38 -4
-195 -2 16 -420 495 417 -3
193 -6 2 214 -132 -239 -5
-481 8 -6 91 -208 -384 8
-31 16 17 -369 -394 -294 -2
160 13 -4 -226 129 -335 -8
-169 18 2 105 150 -317 -4
472 14 -5 -300 481 -365 -9
-478 -16 5 121 355 -259 -6
249 16 15 -160 189 485 -8
496 4 7 85 448 -87 6
374 7 11 -36 -23 197 -5
269 -9 -8 451 384 -1 -3
-336 12 -5 -309 -313 -373 10
45 -13 -11 260 56 -491 3
-256 -12 -16 -272 25 295 1
-474 -12 -5 129 -49 282 -1
-310 -17 6 178 -451 -449 2
295 16 -3 -229 -54 469 -2
-46 11 13 107 7 437 9
185 19 -12 109 -413 328 -5
-445 1 -14 333 473 48 1
-404 -5 18 -310 -218 28 3
-459 4 -3 -457 -481 148 5
-116 7 15 -347 189 204 6
-419 4 13 415 178 -423 5
-42 -10 5 277 114 228 5
-456 -20 10 470 89 195 6
-389 -7 7 30 -76 -4 1
253 -18 18 -353 214 381 4
147 15 -14 144 9 11 7
254 -7 11 -347 -224 -242 -5
-204 15 -15 410 -403 230 5
-191 -19 15 302 381 439 -4
60 14 6 -314 -162 373 10
455 -15 -20 447 -194 377 6
-287 20 19 -215 313 289 -1
-50 4 -10 -373 450 -274 8
356 15 15 112 7 -278 3
289 19 19 346 493 453 10
345 9
