100
1144
4461643
2872729
5388168
6704676
3877633
1221469
928009
7203246
390548
4170220
8237213
8248729
4461641
8603593
4
9999163
9999996
9999161
9971849
8184167
8697851
9682616
3855409
9999930
4936439
13
8
9999931
2360890
9999971
5001361
1481717
7551991
3132736
9325574
9999995
6513281
9999997
2196613
12
6716541
5103067
2044523
6697461
6865010
3
3191803
5331653
9999999
6735763
4046177
2610613
1264969
2295773
5
6987083
2896297
3023326
9999929
3910981
140839
559513
7783893
8873129
4125389
9999972
615403
6
4751053
9987391
9999991
1403870
86293
1
2
8291470
4572049
11
3702389
4461642
3929879
9516811
9999162
1750607
8763892
9309119
9
1862603
3949061
592432
7762723
3323191
10000000
9999998
9999973
1281246
7
3410821
10
