1 1 0
2 2 0
3 3 0
4 4 0
5 5 0
6 6 0
7 7 0
8 8 0
9 9 0
10 1 9
11 2 9
12 3 9
13 4 9
14 5 9
15 6 9
16 7 9
17 8 9
18 9 9
19 10 9
20 2 18
21 3 18
22 4 18
23 5 18
24 6 18
25 7 18
26 8 18
27 9 18
28 10 18
29 11 18
30 3 27
31 4 27
32 5 27
33 6 27
34 7 27
35 8 27
36 9 27
37 10 27
38 11 27
39 12 27
40 4 36
41 5 36
42 6 36
43 7 36
44 8 36
45 9 36
46 10 36
47 11 36
48 12 36
49 13 36
50 5 45
51 6 45
52 7 45
53 8 45
54 9 45
55 10 45
56 11 45
57 12 45
58 13 45
59 14 45
60 6 54
61 7 54
62 8 54
63 9 54
64 10 54
65 11 54
66 12 54
67 13 54
68 14 54
69 15 54
70 7 63
71 8 63
72 9 63
73 10 63
74 11 63
75 12 63
76 13 63
77 14 63
78 15 63
79 16 63
80 8 72
81 9 72
82 10 72
83 11 72
84 12 72
85 13 72
86 14 72
87 15 72
88 16 72
89 17 72
90 9 81
91 10 81
92 11 81
93 12 81
94 13 81
95 14 81
96 15 81
97 16 81
98 17 81
99 18 81
100 1 99
101 2 99
102 3 99
103 4 99
104 5 99
105 6 99
106 7 99
107 8 99
108 9 99
109 10 99
110 2 108
111 3 108
112 4 108
113 5 108
114 6 108
115 7 108
116 8 108
117 9 108
118 10 108
119 11 108
120 3 117
121 4 117
122 5 117
123 6 117
124 7 117
125 8 117
126 9 117
127 10 117
128 11 117
129 12 117
130 4 126
131 5 126
132 6 126
133 7 126
134 8 126
135 9 126
136 10 126
137 11 126
138 12 126
139 13 126
140 5 135
141 6 135
142 7 135
143 8 135
144 9 135
145 10 135
146 11 135
147 12 135
148 13 135
149 14 135
150 6 144
151 7 144
152 8 144
153 9 144
154 10 144
155 11 144
156 12 144
157 13 144
158 14 144
159 15 144
160 7 153
161 8 153
162 9 153
163 10 153
164 11 153
165 12 153
166 13 153
167 14 153
168 15 153
169 16 153
170 8 162
171 9 162
172 10 162
173 11 162
174 12 162
175 13 162
176 14 162
177 15 162
178 16 162
179 17 162
180 9 171
181 10 171
182 11 171
183 12 171
184 13 171
185 14 171
186 15 171
187 16 171
188 17 171
189 18 171
190 10 180
191 11 180
192 12 180
193 13 180
194 14 180
195 15 180
196 16 180
197 17 180
198 18 180
199 19 180
200 2 198
201 3 198
202 4 198
203 5 198
204 6 198
205 7 198
206 8 198
207 9 198
208 10 198
209 11 198
210 3 207
211 4 207
212 5 207
213 6 207
214 7 207
215 8 207
216 9 207
217 10 207
218 11 207
219 12 207
220 4 216
221 5 216
222 6 216
223 7 216
224 8 216
225 9 216
226 10 216
227 11 216
228 12 216
229 13 216
230 5 225
231 6 225
232 7 225
233 8 225
234 9 225
235 10 225
236 11 225
237 12 225
238 13 225
239 14 225
240 6 234
241 7 234
242 8 234
243 9 234
244 10 234
245 11 234
246 12 234
247 13 234
248 14 234
249 15 234
250 7 243
251 8 243
252 9 243
253 10 243
254 11 243
255 12 243
256 13 243
257 14 243
258 15 243
259 16 243
260 8 252
261 9 252
262 10 252
263 11 252
264 12 252
265 13 252
266 14 252
267 15 252
268 16 252
269 17 252
270 9 261
271 10 261
272 11 261
273 12 261
274 13 261
275 14 261
276 15 261
277 16 261
278 17 261
279 18 261
280 10 270
281 11 270
282 12 270
283 13 270
284 14 270
285 15 270
286 16 270
287 17 270
288 18 270
289 19 270
290 11 279
291 12 279
292 13 279
293 14 279
294 15 279
295 16 279
296 17 279
297 18 279
298 19 279
299 20 279
300 3 297
301 4 297
302 5 297
303 6 297
304 7 297
305 8 297
306 9 297
307 10 297
308 11 297
309 12 297
310 4 306
311 5 306
312 6 306
313 7 306
314 8 306
315 9 306
316 10 306
317 11 306
318 12 306
319 13 306
320 5 315
321 6 315
322 7 315
323 8 315
324 9 315
325 10 315
326 11 315
327 12 315
328 13 315
329 14 315
330 6 324
331 7 324
332 8 324
333 9 324
334 10 324
335 11 324
336 12 324
337 13 324
338 14 324
339 15 324
340 7 333
341 8 333
342 9 333
343 10 333
344 11 333
345 12 333
346 13 333
347 14 333
348 15 333
349 16 333
350 8 342
351 9 342
352 10 342
353 11 342
354 12 342
355 13 342
356 14 342
357 15 342
358 16 342
359 17 342
360 9 351
361 10 351
362 11 351
363 12 351
364 13 351
365 14 351
366 15 351
367 16 351
368 17 351
369 18 351
370 10 360
371 11 360
372 12 360
373 13 360
374 14 360
375 15 360
376 16 360
377 17 360
378 18 360
379 19 360
380 11 369
381 12 369
382 13 369
383 14 369
384 15 369
385 16 369
386 17 369
387 18 369
388 19 369
389 20 369
390 12 378
391 13 378
392 14 378
393 15 378
394 16 378
395 17 378
396 18 378
397 19 378
398 20 378
399 21 378
400 4 396
401 5 396
402 6 396
403 7 396
404 8 396
405 9 396
406 10 396
407 11 396
408 12 396
409 13 396
410 5 405
411 6 405
412 7 405
413 8 405
414 9 405
415 10 405
416 11 405
417 12 405
418 13 405
419 14 405
420 6 414
421 7 414
422 8 414
423 9 414
424 10 414
425 11 414
426 12 414
427 13 414
428 14 414
429 15 414
430 7 423
431 8 423
432 9 423
433 10 423
434 11 423
435 12 423
436 13 423
437 14 423
438 15 423
439 16 423
440 8 432
441 9 432
442 10 432
443 11 432
444 12 432
445 13 432
446 14 432
447 15 432
448 16 432
449 17 432
450 9 441
451 10 441
452 11 441
453 12 441
454 13 441
455 14 441
456 15 441
457 16 441
458 17 441
459 18 441
460 10 450
461 11 450
462 12 450
463 13 450
464 14 450
465 15 450
466 16 450
467 17 450
468 18 450
469 19 450
470 11 459
471 12 459
472 13 459
473 14 459
474 15 459
475 16 459
476 17 459
477 18 459
478 19 459
479 20 459
480 12 468
481 13 468
482 14 468
483 15 468
484 16 468
485 17 468
486 18 468
487 19 468
488 20 468
489 21 468
490 13 477
491 14 477
492 15 477
493 16 477
494 17 477
495 18 477
496 19 477
497 20 477
498 21 477
499 22 477
500 5 495
501 6 495
502 7 495
503 8 495
504 9 495
505 10 495
506 11 495
507 12 495
508 13 495
509 14 495
510 6 504
511 7 504
512 8 504
513 9 504
514 10 504
515 11 504
516 12 504
517 13 504
518 14 504
519 15 504
520 7 513
521 8 513
522 9 513
523 10 513
524 11 513
525 12 513
526 13 513
527 14 513
528 15 513
529 16 513
530 8 522
531 9 522
532 10 522
533 11 522
534 12 522
535 13 522
536 14 522
537 15 522
538 16 522
539 17 522
540 9 531
541 10 531
542 11 531
543 12 531
544 13 531
545 14 531
546 15 531
547 16 531
548 17 531
549 18 531
550 10 540
551 11 540
552 12 540
553 13 540
554 14 540
555 15 540
556 16 540
557 17 540
558 18 540
559 19 540
560 11 549
561 12 549
562 13 549
563 14 549
564 15 549
565 16 549
566 17 549
567 18 549
568 19 549
569 20 549
570 12 558
571 13 558
572 14 558
573 15 558
574 16 558
575 17 558
576 18 558
577 19 558
578 20 558
579 21 558
580 13 567
581 14 567
582 15 567
583 16 567
584 17 567
585 18 567
586 19 567
587 20 567
588 21 567
589 22 567
590 14 576
591 15 576
592 16 576
593 17 576
594 18 576
595 19 576
596 20 576
597 21 576
598 22 576
599 23 576
600 6 594
601 7 594
602 8 594
603 9 594
604 10 594
605 11 594
606 12 594
607 13 594
608 14 594
609 15 594
610 7 603
611 8 603
612 9 603
613 10 603
614 11 603
615 12 603
616 13 603
617 14 603
618 15 603
619 16 603
620 8 612
621 9 612
622 10 612
623 11 612
624 12 612
625 13 612
626 14 612
627 15 612
628 16 612
629 17 612
630 9 621
631 10 621
632 11 621
633 12 621
634 13 621
635 14 621
636 15 621
637 16 621
638 17 621
639 18 621
640 10 630
641 11 630
642 12 630
643 13 630
644 14 630
645 15 630
646 16 630
647 17 630
648 18 630
649 19 630
650 11 639
651 12 639
652 13 639
653 14 639
654 15 639
655 16 639
656 17 639
657 18 639
658 19 639
659 20 639
660 12 648
661 13 648
662 14 648
663 15 648
664 16 648
665 17 648
666 18 648
667 19 648
668 20 648
669 21 648
670 13 657
671 14 657
672 15 657
673 16 657
674 17 657
675 18 657
676 19 657
677 20 657
678 21 657
679 22 657
680 14 666
681 15 666
682 16 666
683 17 666
684 18 666
685 19 666
686 20 666
687 21 666
688 22 666
689 23 666
690 15 675
691 16 675
692 17 675
693 18 675
694 19 675
695 20 675
696 21 675
697 22 675
698 23 675
699 24 675
700 7 693
701 8 693
702 9 693
703 10 693
704 11 693
705 12 693
706 13 693
707 14 693
708 15 693
709 16 693
710 8 702
711 9 702
712 10 702
713 11 702
714 12 702
715 13 702
716 14 702
717 15 702
718 16 702
719 17 702
720 9 711
721 10 711
722 11 711
723 12 711
724 13 711
725 14 711
726 15 711
727 16 711
728 17 711
729 18 711
730 10 720
731 11 720
732 12 720
733 13 720
734 14 720
735 15 720
736 16 720
737 17 720
738 18 720
739 19 720
740 11 729
741 12 729
742 13 729
743 14 729
744 15 729
745 16 729
746 17 729
747 18 729
748 19 729
749 20 729
750 12 738
751 13 738
752 14 738
753 15 738
754 16 738
755 17 738
756 18 738
757 19 738
758 20 738
759 21 738
760 13 747
761 14 747
762 15 747
763 16 747
764 17 747
765 18 747
766 19 747
767 20 747
768 21 747
769 22 747
770 14 756
771 15 756
772 16 756
773 17 756
774 18 756
775 19 756
776 20 756
777 21 756
778 22 756
779 23 756
780 15 765
781 16 765
782 17 765
783 18 765
784 19 765
785 20 765
786 21 765
787 22 765
788 23 765
789 24 765
790 16 774
791 17 774
792 18 774
793 19 774
794 20 774
795 21 774
796 22 774
797 23 774
798 24 774
799 25 774
800 8 792
801 9 792
802 10 792
803 11 792
804 12 792
805 13 792
806 14 792
807 15 792
808 16 792
809 17 792
810 9 801
811 10 801
812 11 801
813 12 801
814 13 801
815 14 801
816 15 801
817 16 801
818 17 801
819 18 801
820 10 810
821 11 810
822 12 810
823 13 810
824 14 810
825 15 810
826 16 810
827 17 810
828 18 810
829 19 810
830 11 819
831 12 819
832 13 819
833 14 819
834 15 819
835 16 819
836 17 819
837 18 819
838 19 819
839 20 819
840 12 828
841 13 828
842 14 828
843 15 828
844 16 828
845 17 828
846 18 828
847 19 828
848 20 828
849 21 828
850 13 837
851 14 837
852 15 837
853 16 837
854 17 837
855 18 837
856 19 837
857 20 837
858 21 837
859 22 837
860 14 846
861 15 846
862 16 846
863 17 846
864 18 846
865 19 846
866 20 846
867 21 846
868 22 846
869 23 846
870 15 855
871 16 855
872 17 855
873 18 855
874 19 855
875 20 855
876 21 855
877 22 855
878 23 855
879 24 855
880 16 864
881 17 864
882 18 864
883 19 864
884 20 864
885 21 864
886 22 864
887 23 864
888 24 864
889 25 864
890 17 873
891 18 873
892 19 873
893 20 873
894 21 873
895 22 873
896 23 873
897 24 873
898 25 873
899 26 873
900 9 891
901 10 891
902 11 891
903 12 891
904 13 891
905 14 891
906 15 891
907 16 891
908 17 891
909 18 891
910 10 900
911 11 900
912 12 900
913 13 900
914 14 900
915 15 900
916 16 900
917 17 900
918 18 900
919 19 900
920 11 909
921 12 909
922 13 909
923 14 909
924 15 909
925 16 909
926 17 909
927 18 909
928 19 909
929 20 909
930 12 918
931 13 918
932 14 918
933 15 918
934 16 918
935 17 918
936 18 918
937 19 918
938 20 918
939 21 918
940 13 927
941 14 927
942 15 927
943 16 927
944 17 927
945 18 927
946 19 927
947 20 927
948 21 927
949 22 927
950 14 936
951 15 936
952 16 936
953 17 936
954 18 936
955 19 936
956 20 936
957 21 936
958 22 936
959 23 936
960 15 945
961 16 945
962 17 945
963 18 945
964 19 945
965 20 945
966 21 945
967 22 945
968 23 945
969 24 945
970 16 954
971 17 954
972 18 954
973 19 954
974 20 954
975 21 954
976 22 954
977 23 954
978 24 954
979 25 954
980 17 963
981 18 963
982 19 963
983 20 963
984 21 963
985 22 963
986 23 963
987 24 963
988 25 963
989 26 963
990 18 972
991 19 972
992 20 972
993 21 972
994 22 972
995 23 972
996 24 972
997 25 972
998 26 972
999 27 972
1000 1 999
1001 2 999
1002 3 999
1003 4 999
1004 5 999
1005 6 999
1006 7 999
1007 8 999
1008 9 999
1009 10 999
1010 2 1008
1011 3 1008
1012 4 1008
1013 5 1008
1014 6 1008
1015 7 1008
1016 8 1008
1017 9 1008
1018 10 1008
1019 11 1008
1020 3 1017
1021 4 1017
1022 5 1017
1023 6 1017
1024 7 1017
1025 8 1017
1026 9 1017
1027 10 1017
1028 11 1017
1029 12 1017
1030 4 1026
1031 5 1026
1032 6 1026
1033 7 1026
1034 8 1026
1035 9 1026
1036 10 1026
1037 11 1026
1038 12 1026
1039 13 1026
1040 5 1035
1041 6 1035
1042 7 1035
1043 8 1035
1044 9 1035
1045 10 1035
1046 11 1035
1047 12 1035
1048 13 1035
1049 14 1035
1050 6 1044
1051 7 1044
1052 8 1044
1053 9 1044
1054 10 1044
1055 11 1044
1056 12 1044
1057 13 1044
1058 14 1044
1059 15 1044
1060 7 1053
1061 8 1053
1062 9 1053
1063 10 1053
1064 11 1053
1065 12 1053
1066 13 1053
1067 14 1053
1068 15 1053
1069 16 1053
1070 8 1062
1071 9 1062
1072 10 1062
1073 11 1062
1074 12 1062
1075 13 1062
1076 14 1062
1077 15 1062
1078 16 1062
1079 17 1062
1080 9 1071
1081 10 1071
1082 11 1071
1083 12 1071
1084 13 1071
1085 14 1071
1086 15 1071
1087 16 1071
1088 17 1071
1089 18 1071
1090 10 1080
1091 11 1080
1092 12 1080
1093 13 1080
1094 14 1080
1095 15 1080
1096 16 1080
1097 17 1080
1098 18 1080
1099 19 1080
1100 2 1098
1101 3 1098
1102 4 1098
1103 5 1098
1104 6 1098
1105 7 1098
1106 8 1098
1107 9 1098
1108 10 1098
1109 11 1098
1110 3 1107
1111 4 1107
1112 5 1107
1113 6 1107
1114 7 1107
1115 8 1107
1116 9 1107
1117 10 1107
1118 11 1107
1119 12 1107
1120 4 1116
1121 5 1116
1122 6 1116
1123 7 1116
1124 8 1116
1125 9 1116
1126 10 1116
1127 11 1116
1128 12 1116
1129 13 1116
1130 5 1125
1131 6 1125
1132 7 1125
1133 8 1125
1134 9 1125
1135 10 1125
1136 11 1125
1137 12 1125
1138 13 1125
1139 14 1125
1140 6 1134
1141 7 1134
1142 8 1134
1143 9 1134
1144 10 1134
1145 11 1134
1146 12 1134
1147 13 1134
1148 14 1134
1149 15 1134
1150 7 1143
1151 8 1143
1152 9 1143
1153 10 1143
1154 11 1143
1155 12 1143
1156 13 1143
1157 14 1143
1158 15 1143
1159 16 1143
1160 8 1152
1161 9 1152
1162 10 1152
1163 11 1152
1164 12 1152
1165 13 1152
1166 14 1152
1167 15 1152
1168 16 1152
1169 17 1152
1170 9 1161
1171 10 1161
1172 11 1161
1173 12 1161
1174 13 1161
1175 14 1161
1176 15 1161
1177 16 1161
1178 17 1161
1179 18 1161
1180 10 1170
1181 11 1170
1182 12 1170
1183 13 1170
1184 14 1170
1185 15 1170
1186 16 1170
1187 17 1170
1188 18 1170
1189 19 1170
1190 11 1179
1191 12 1179
1192 13 1179
1193 14 1179
1194 15 1179
1195 16 1179
1196 17 1179
1197 18 1179
1198 19 1179
1199 20 1179
1200 3 1197
1201 4 1197
1202 5 1197
1203 6 1197
1204 7 1197
1205 8 1197
1206 9 1197
1207 10 1197
1208 11 1197
1209 12 1197
1210 4 1206
1211 5 1206
1212 6 1206
1213 7 1206
1214 8 1206
1215 9 1206
1216 10 1206
1217 11 1206
1218 12 1206
1219 13 1206
1220 5 1215
1221 6 1215
1222 7 1215
1223 8 1215
1224 9 1215
1225 10 1215
1226 11 1215
1227 12 1215
1228 13 1215
1229 14 1215
1230 6 1224
1231 7 1224
1232 8 1224
1233 9 1224
1234 10 1224
1235 11 1224
1236 12 1224
1237 13 1224
1238 14 1224
1239 15 1224
1240 7 1233
1241 8 1233
1242 9 1233
1243 10 1233
1244 11 1233
1245 12 1233
1246 13 1233
1247 14 1233
1248 15 1233
1249 16 1233
1250 8 1242
1251 9 1242
1252 10 1242
1253 11 1242
1254 12 1242
1255 13 1242
1256 14 1242
1257 15 1242
1258 16 1242
1259 17 1242
1260 9 1251
1261 10 1251
1262 11 1251
1263 12 1251
1264 13 1251
1265 14 1251
1266 15 1251
1267 16 1251
1268 17 1251
1269 18 1251
1270 10 1260
1271 11 1260
1272 12 1260
1273 13 1260
1274 14 1260
1275 15 1260
1276 16 1260
1277 17 1260
1278 18 1260
1279 19 1260
1280 11 1269
1281 12 1269
1282 13 1269
1283 14 1269
1284 15 1269
1285 16 1269
1286 17 1269
1287 18 1269
1288 19 1269
1289 20 1269
1290 12 1278
1291 13 1278
1292 14 1278
1293 15 1278
1294 16 1278
1295 17 1278
1296 18 1278
1297 19 1278
1298 20 1278
1299 21 1278
1300 4 1296
1301 5 1296
1302 6 1296
1303 7 1296
1304 8 1296
1305 9 1296
1306 10 1296
1307 11 1296
1308 12 1296
1309 13 1296
1310 5 1305
1311 6 1305
1312 7 1305
1313 8 1305
1314 9 1305
1315 10 1305
1316 11 1305
1317 12 1305
1318 13 1305
1319 14 1305
1320 6 1314
1321 7 1314
1322 8 1314
1323 9 1314
1324 10 1314
1325 11 1314
1326 12 1314
1327 13 1314
1328 14 1314
1329 15 1314
1330 7 1323
1331 8 1323
1332 9 1323
1333 10 1323
1334 11 1323
1335 12 1323
1336 13 1323
1337 14 1323
1338 15 1323
1339 16 1323
1340 8 1332
1341 9 1332
1342 10 1332
1343 11 1332
1344 12 1332
1345 13 1332
1346 14 1332
1347 15 1332
1348 16 1332
1349 17 1332
1350 9 1341
1351 10 1341
1352 11 1341
1353 12 1341
1354 13 1341
1355 14 1341
1356 15 1341
1357 16 1341
1358 17 1341
1359 18 1341
1360 10 1350
1361 11 1350
1362 12 1350
1363 13 1350
1364 14 1350
1365 15 1350
1366 16 1350
1367 17 1350
1368 18 1350
1369 19 1350
1370 11 1359
1371 12 1359
1372 13 1359
1373 14 1359
1374 15 1359
1375 16 1359
1376 17 1359
1377 18 1359
1378 19 1359
1379 20 1359
1380 12 1368
1381 13 1368
1382 14 1368
1383 15 1368
1384 16 1368
1385 17 1368
1386 18 1368
1387 19 1368
1388 20 1368
1389 21 1368
1390 13 1377
1391 14 1377
1392 15 1377
1393 16 1377
1394 17 1377
1395 18 1377
1396 19 1377
1397 20 1377
1398 21 1377
1399 22 1377
1400 5 1395
1401 6 1395
1402 7 1395
1403 8 1395
1404 9 1395
1405 10 1395
1406 11 1395
1407 12 1395
1408 13 1395
1409 14 1395
1410 6 1404
1411 7 1404
1412 8 1404
1413 9 1404
1414 10 1404
1415 11 1404
1416 12 1404
1417 13 1404
1418 14 1404
1419 15 1404
1420 7 1413
1421 8 1413
1422 9 1413
1423 10 1413
1424 11 1413
1425 12 1413
1426 13 1413
1427 14 1413
1428 15 1413
1429 16 1413
1430 8 1422
1431 9 1422
1432 10 1422
1433 11 1422
1434 12 1422
1435 13 1422
1436 14 1422
1437 15 1422
1438 16 1422
1439 17 1422
1440 9 1431
1441 10 1431
1442 11 1431
1443 12 1431
1444 13 1431
1445 14 1431
1446 15 1431
1447 16 1431
1448 17 1431
1449 18 1431
1450 10 1440
1451 11 1440
1452 12 1440
1453 13 1440
1454 14 1440
1455 15 1440
1456 16 1440
1457 17 1440
1458 18 1440
1459 19 1440
1460 11 1449
1461 12 1449
1462 13 1449
1463 14 1449
1464 15 1449
1465 16 1449
1466 17 1449
1467 18 1449
1468 19 1449
1469 20 1449
1470 12 1458
1471 13 1458
1472 14 1458
1473 15 1458
1474 16 1458
1475 17 1458
1476 18 1458
1477 19 1458
1478 20 1458
1479 21 1458
1480 13 1467
1481 14 1467
1482 15 1467
1483 16 1467
1484 17 1467
1485 18 1467
1486 19 1467
1487 20 1467
1488 21 1467
1489 22 1467
1490 14 1476
1491 15 1476
1492 16 1476
1493 17 1476
1494 18 1476
1495 19 1476
1496 20 1476
1497 21 1476
1498 22 1476
1499 23 1476
1500 6 1494
1501 7 1494
1502 8 1494
1503 9 1494
1504 10 1494
1505 11 1494
1506 12 1494
1507 13 1494
1508 14 1494
1509 15 1494
1510 7 1503
1511 8 1503
1512 9 1503
1513 10 1503
1514 11 1503
1515 12 1503
1516 13 1503
1517 14 1503
1518 15 1503
1519 16 1503
1520 8 1512
1521 9 1512
1522 10 1512
1523 11 1512
1524 12 1512
1525 13 1512
1526 14 1512
1527 15 1512
1528 16 1512
1529 17 1512
1530 9 1521
1531 10 1521
1532 11 1521
1533 12 1521
1534 13 1521
1535 14 1521
1536 15 1521
1537 16 1521
1538 17 1521
1539 18 1521
1540 10 1530
1541 11 1530
1542 12 1530
1543 13 1530
1544 14 1530
1545 15 1530
1546 16 1530
1547 17 1530
1548 18 1530
1549 19 1530
1550 11 1539
1551 12 1539
1552 13 1539
1553 14 1539
1554 15 1539
1555 16 1539
1556 17 1539
1557 18 1539
1558 19 1539
1559 20 1539
1560 12 1548
1561 13 1548
1562 14 1548
1563 15 1548
1564 16 1548
1565 17 1548
1566 18 1548
1567 19 1548
1568 20 1548
1569 21 1548
1570 13 1557
1571 14 1557
1572 15 1557
1573 16 1557
1574 17 1557
1575 18 1557
1576 19 1557
1577 20 1557
1578 21 1557
1579 22 1557
1580 14 1566
1581 15 1566
1582 16 1566
1583 17 1566
1584 18 1566
1585 19 1566
1586 20 1566
1587 21 1566
1588 22 1566
1589 23 1566
1590 15 1575
1591 16 1575
1592 17 1575
1593 18 1575
1594 19 1575
1595 20 1575
1596 21 1575
1597 22 1575
1598 23 1575
1599 24 1575
1600 7 1593
1601 8 1593
1602 9 1593
1603 10 1593
1604 11 1593
1605 12 1593
1606 13 1593
1607 14 1593
1608 15 1593
1609 16 1593
1610 8 1602
1611 9 1602
1612 10 1602
1613 11 1602
1614 12 1602
1615 13 1602
1616 14 1602
1617 15 1602
1618 16 1602
1619 17 1602
1620 9 1611
1621 10 1611
1622 11 1611
1623 12 1611
1624 13 1611
1625 14 1611
1626 15 1611
1627 16 1611
1628 17 1611
1629 18 1611
1630 10 1620
1631 11 1620
1632 12 1620
1633 13 1620
1634 14 1620
1635 15 1620
1636 16 1620
1637 17 1620
1638 18 1620
1639 19 1620
1640 11 1629
1641 12 1629
1642 13 1629
1643 14 1629
1644 15 1629
1645 16 1629
1646 17 1629
1647 18 1629
1648 19 1629
1649 20 1629
1650 12 1638
1651 13 1638
1652 14 1638
1653 15 1638
1654 16 1638
1655 17 1638
1656 18 1638
1657 19 1638
1658 20 1638
1659 21 1638
1660 13 1647
1661 14 1647
1662 15 1647
1663 16 1647
1664 17 1647
1665 18 1647
1666 19 1647
1667 20 1647
1668 21 1647
1669 22 1647
1670 14 1656
1671 15 1656
1672 16 1656
1673 17 1656
1674 18 1656
1675 19 1656
1676 20 1656
1677 21 1656
1678 22 1656
1679 23 1656
1680 15 1665
1681 16 1665
1682 17 1665
1683 18 1665
1684 19 1665
1685 20 1665
1686 21 1665
1687 22 1665
1688 23 1665
1689 24 1665
1690 16 1674
1691 17 1674
1692 18 1674
1693 19 1674
1694 20 1674
1695 21 1674
1696 22 1674
1697 23 1674
1698 24 1674
1699 25 1674
1700 8 1692
1701 9 1692
1702 10 1692
1703 11 1692
1704 12 1692
1705 13 1692
1706 14 1692
1707 15 1692
1708 16 1692
1709 17 1692
1710 9 1701
1711 10 1701
1712 11 1701
1713 12 1701
1714 13 1701
1715 14 1701
1716 15 1701
1717 16 1701
1718 17 1701
1719 18 1701
1720 10 1710
1721 11 1710
1722 12 1710
1723 13 1710
1724 14 1710
1725 15 1710
1726 16 1710
1727 17 1710
1728 18 1710
1729 19 1710
1730 11 1719
1731 12 1719
1732 13 1719
1733 14 1719
1734 15 1719
1735 16 1719
1736 17 1719
1737 18 1719
1738 19 1719
1739 20 1719
1740 12 1728
1741 13 1728
1742 14 1728
1743 15 1728
1744 16 1728
1745 17 1728
1746 18 1728
1747 19 1728
1748 20 1728
1749 21 1728
1750 13 1737
1751 14 1737
1752 15 1737
1753 16 1737
1754 17 1737
1755 18 1737
1756 19 1737
1757 20 1737
1758 21 1737
1759 22 1737
1760 14 1746
1761 15 1746
1762 16 1746
1763 17 1746
1764 18 1746
1765 19 1746
1766 20 1746
1767 21 1746
1768 22 1746
1769 23 1746
1770 15 1755
1771 16 1755
1772 17 1755
1773 18 1755
1774 19 1755
1775 20 1755
1776 21 1755
1777 22 1755
1778 23 1755
1779 24 1755
1780 16 1764
1781 17 1764
1782 18 1764
1783 19 1764
1784 20 1764
1785 21 1764
1786 22 1764
1787 23 1764
1788 24 1764
1789 25 1764
1790 17 1773
1791 18 1773
1792 19 1773
1793 20 1773
1794 21 1773
1795 22 1773
1796 23 1773
1797 24 1773
1798 25 1773
1799 26 1773
1800 9 1791
1801 10 1791
1802 11 1791
1803 12 1791
1804 13 1791
1805 14 1791
1806 15 1791
1807 16 1791
1808 17 1791
1809 18 1791
1810 10 1800
1811 11 1800
1812 12 1800
1813 13 1800
1814 14 1800
1815 15 1800
1816 16 1800
1817 17 1800
1818 18 1800
1819 19 1800
1820 11 1809
1821 12 1809
1822 13 1809
1823 14 1809
1824 15 1809
1825 16 1809
1826 17 1809
1827 18 1809
1828 19 1809
1829 20 1809
1830 12 1818
1831 13 1818
1832 14 1818
1833 15 1818
1834 16 1818
1835 17 1818
1836 18 1818
1837 19 1818
1838 20 1818
1839 21 1818
1840 13 1827
1841 14 1827
1842 15 1827
1843 16 1827
1844 17 1827
1845 18 1827
1846 19 1827
1847 20 1827
1848 21 1827
1849 22 1827
1850 14 1836
1851 15 1836
1852 16 1836
1853 17 1836
1854 18 1836
1855 19 1836
1856 20 1836
1857 21 1836
1858 22 1836
1859 23 1836
1860 15 1845
1861 16 1845
1862 17 1845
1863 18 1845
1864 19 1845
1865 20 1845
1866 21 1845
1867 22 1845
1868 23 1845
1869 24 1845
1870 16 1854
1871 17 1854
1872 18 1854
1873 19 1854
1874 20 1854
1875 21 1854
1876 22 1854
1877 23 1854
1878 24 1854
1879 25 1854
1880 17 1863
1881 18 1863
1882 19 1863
1883 20 1863
1884 21 1863
1885 22 1863
1886 23 1863
1887 24 1863
1888 25 1863
1889 26 1863
1890 18 1872
1891 19 1872
1892 20 1872
1893 21 1872
1894 22 1872
1895 23 1872
1896 24 1872
1897 25 1872
1898 26 1872
1899 27 1872
1900 10 1890
1901 11 1890
1902 12 1890
1903 13 1890
1904 14 1890
1905 15 1890
1906 16 1890
1907 17 1890
1908 18 1890
1909 19 1890
1910 11 1899
1911 12 1899
1912 13 1899
1913 14 1899
1914 15 1899
1915 16 1899
1916 17 1899
1917 18 1899
1918 19 1899
1919 20 1899
1920 12 1908
1921 13 1908
1922 14 1908
1923 15 1908
1924 16 1908
1925 17 1908
1926 18 1908
1927 19 1908
1928 20 1908
1929 21 1908
1930 13 1917
1931 14 1917
1932 15 1917
1933 16 1917
1934 17 1917
1935 18 1917
1936 19 1917
1937 20 1917
1938 21 1917
1939 22 1917
1940 14 1926
1941 15 1926
1942 16 1926
1943 17 1926
1944 18 1926
1945 19 1926
1946 20 1926
1947 21 1926
1948 22 1926
1949 23 1926
1950 15 1935
1951 16 1935
1952 17 1935
1953 18 1935
1954 19 1935
1955 20 1935
1956 21 1935
1957 22 1935
1958 23 1935
1959 24 1935
1960 16 1944
1961 17 1944
1962 18 1944
1963 19 1944
1964 20 1944
1965 21 1944
1966 22 1944
1967 23 1944
1968 24 1944
1969 25 1944
1970 17 1953
1971 18 1953
1972 19 1953
1973 20 1953
1974 21 1953
1975 22 1953
1976 23 1953
1977 24 1953
1978 25 1953
1979 26 1953
1980 18 1962
1981 19 1962
1982 20 1962
1983 21 1962
1984 22 1962
1985 23 1962
1986 24 1962
1987 25 1962
1988 26 1962
1989 27 1962
1990 19 1971
1991 20 1971
1992 21 1971
1993 22 1971
1994 23 1971
1995 24 1971
1996 25 1971
1997 26 1971
1998 27 1971
1999 28 1971
2000 2 1998
2001 3 1998
2002 4 1998
2003 5 1998
2004 6 1998
2005 7 1998
2006 8 1998
2007 9 1998
2008 10 1998
2009 11 1998
2010 3 2007
2011 4 2007
2012 5 2007
2013 6 2007
2014 7 2007
2015 8 2007
2016 9 2007
2017 10 2007
2018 11 2007
2019 12 2007
2020 4 2016
2021 5 2016
2022 6 2016
2023 7 2016
2024 8 2016
2025 9 2016
2026 10 2016
2027 11 2016
2028 12 2016
2029 13 2016
2030 5 2025
2031 6 2025
2032 7 2025
2033 8 2025
2034 9 2025
2035 10 2025
2036 11 2025
2037 12 2025
2038 13 2025
2039 14 2025
2040 6 2034
2041 7 2034
2042 8 2034
2043 9 2034
2044 10 2034
2045 11 2034
2046 12 2034
2047 13 2034
2048 14 2034
2049 15 2034
2050 7 2043
2051 8 2043
2052 9 2043
2053 10 2043
2054 11 2043
2055 12 2043
2056 13 2043
2057 14 2043
2058 15 2043
2059 16 2043
2060 8 2052
2061 9 2052
2062 10 2052
2063 11 2052
2064 12 2052
2065 13 2052
2066 14 2052
2067 15 2052
2068 16 2052
2069 17 2052
2070 9 2061
2071 10 2061
2072 11 2061
2073 12 2061
2074 13 2061
2075 14 2061
2076 15 2061
2077 16 2061
2078 17 2061
2079 18 2061
2080 10 2070
2081 11 2070
2082 12 2070
2083 13 2070
2084 14 2070
2085 15 2070
2086 16 2070
2087 17 2070
2088 18 2070
2089 19 2070
2090 11 2079
2091 12 2079
2092 13 2079
2093 14 2079
2094 15 2079
2095 16 2079
2096 17 2079
2097 18 2079
2098 19 2079
2099 20 2079
2100 3 2097
2101 4 2097
2102 5 2097
2103 6 2097
2104 7 2097
2105 8 2097
2106 9 2097
2107 10 2097
2108 11 2097
2109 12 2097
2110 4 2106
2111 5 2106
2112 6 2106
2113 7 2106
2114 8 2106
2115 9 2106
2116 10 2106
2117 11 2106
2118 12 2106
2119 13 2106
2120 5 2115
2121 6 2115
2122 7 2115
2123 8 2115
2124 9 2115
2125 10 2115
2126 11 2115
2127 12 2115
2128 13 2115
2129 14 2115
2130 6 2124
2131 7 2124
2132 8 2124
2133 9 2124
2134 10 2124
2135 11 2124
2136 12 2124
2137 13 2124
2138 14 2124
2139 15 2124
2140 7 2133
2141 8 2133
2142 9 2133
2143 10 2133
2144 11 2133
2145 12 2133
2146 13 2133
2147 14 2133
2148 15 2133
2149 16 2133
2150 8 2142
2151 9 2142
2152 10 2142
2153 11 2142
2154 12 2142
2155 13 2142
2156 14 2142
2157 15 2142
2158 16 2142
2159 17 2142
2160 9 2151
2161 10 2151
2162 11 2151
2163 12 2151
2164 13 2151
2165 14 2151
2166 15 2151
2167 16 2151
2168 17 2151
2169 18 2151
2170 10 2160
2171 11 2160
2172 12 2160
2173 13 2160
2174 14 2160
2175 15 2160
2176 16 2160
2177 17 2160
2178 18 2160
2179 19 2160
2180 11 2169
2181 12 2169
2182 13 2169
2183 14 2169
2184 15 2169
2185 16 2169
2186 17 2169
2187 18 2169
2188 19 2169
2189 20 2169
2190 12 2178
2191 13 2178
2192 14 2178
2193 15 2178
2194 16 2178
2195 17 2178
2196 18 2178
2197 19 2178
2198 20 2178
2199 21 2178
2200 4 2196
2201 5 2196
2202 6 2196
2203 7 2196
2204 8 2196
2205 9 2196
2206 10 2196
2207 11 2196
2208 12 2196
2209 13 2196
2210 5 2205
2211 6 2205
2212 7 2205
2213 8 2205
2214 9 2205
2215 10 2205
2216 11 2205
2217 12 2205
2218 13 2205
2219 14 2205
2220 6 2214
2221 7 2214
2222 8 2214
2223 9 2214
2224 10 2214
2225 11 2214
2226 12 2214
2227 13 2214
2228 14 2214
2229 15 2214
2230 7 2223
2231 8 2223
2232 9 2223
2233 10 2223
2234 11 2223
2235 12 2223
2236 13 2223
2237 14 2223
2238 15 2223
2239 16 2223
2240 8 2232
2241 9 2232
2242 10 2232
2243 11 2232
2244 12 2232
2245 13 2232
2246 14 2232
2247 15 2232
2248 16 2232
2249 17 2232
2250 9 2241
2251 10 2241
2252 11 2241
2253 12 2241
2254 13 2241
2255 14 2241
2256 15 2241
2257 16 2241
2258 17 2241
2259 18 2241
2260 10 2250
2261 11 2250
2262 12 2250
2263 13 2250
2264 14 2250
2265 15 2250
2266 16 2250
2267 17 2250
2268 18 2250
2269 19 2250
2270 11 2259
2271 12 2259
2272 13 2259
2273 14 2259
2274 15 2259
2275 16 2259
2276 17 2259
2277 18 2259
2278 19 2259
2279 20 2259
2280 12 2268
2281 13 2268
2282 14 2268
2283 15 2268
2284 16 2268
2285 17 2268
2286 18 2268
2287 19 2268
2288 20 2268
2289 21 2268
2290 13 2277
2291 14 2277
2292 15 2277
2293 16 2277
2294 17 2277
2295 18 2277
2296 19 2277
2297 20 2277
2298 21 2277
2299 22 2277
2300 5 2295
2301 6 2295
2302 7 2295
2303 8 2295
2304 9 2295
2305 10 2295
2306 11 2295
2307 12 2295
2308 13 2295
2309 14 2295
2310 6 2304
2311 7 2304
2312 8 2304
2313 9 2304
2314 10 2304
2315 11 2304
2316 12 2304
2317 13 2304
2318 14 2304
2319 15 2304
2320 7 2313
2321 8 2313
2322 9 2313
2323 10 2313
2324 11 2313
2325 12 2313
2326 13 2313
2327 14 2313
2328 15 2313
2329 16 2313
2330 8 2322
2331 9 2322
2332 10 2322
2333 11 2322
2334 12 2322
2335 13 2322
2336 14 2322
2337 15 2322
2338 16 2322
2339 17 2322
2340 9 2331
2341 10 2331
2342 11 2331
2343 12 2331
2344 13 2331
2345 14 2331
2346 15 2331
2347 16 2331
2348 17 2331
2349 18 2331
2350 10 2340
2351 11 2340
2352 12 2340
2353 13 2340
2354 14 2340
2355 15 2340
2356 16 2340
2357 17 2340
2358 18 2340
2359 19 2340
2360 11 2349
2361 12 2349
2362 13 2349
2363 14 2349
2364 15 2349
2365 16 2349
2366 17 2349
2367 18 2349
2368 19 2349
2369 20 2349
2370 12 2358
2371 13 2358
2372 14 2358
2373 15 2358
2374 16 2358
2375 17 2358
2376 18 2358
2377 19 2358
2378 20 2358
2379 21 2358
2380 13 2367
2381 14 2367
2382 15 2367
2383 16 2367
2384 17 2367
2385 18 2367
2386 19 2367
2387 20 2367
2388 21 2367
2389 22 2367
2390 14 2376
2391 15 2376
2392 16 2376
2393 17 2376
2394 18 2376
2395 19 2376
2396 20 2376
2397 21 2376
2398 22 2376
2399 23 2376
2400 6 2394
2401 7 2394
2402 8 2394
2403 9 2394
2404 10 2394
2405 11 2394
2406 12 2394
2407 13 2394
2408 14 2394
2409 15 2394
2410 7 2403
2411 8 2403
2412 9 2403
2413 10 2403
2414 11 2403
2415 12 2403
2416 13 2403
2417 14 2403
2418 15 2403
2419 16 2403
2420 8 2412
2421 9 2412
2422 10 2412
2423 11 2412
2424 12 2412
2425 13 2412
2426 14 2412
2427 15 2412
2428 16 2412
2429 17 2412
2430 9 2421
2431 10 2421
2432 11 2421
2433 12 2421
2434 13 2421
2435 14 2421
2436 15 2421
2437 16 2421
2438 17 2421
2439 18 2421
2440 10 2430
2441 11 2430
2442 12 2430
2443 13 2430
2444 14 2430
2445 15 2430
2446 16 2430
2447 17 2430
2448 18 2430
2449 19 2430
2450 11 2439
2451 12 2439
2452 13 2439
2453 14 2439
2454 15 2439
2455 16 2439
2456 17 2439
2457 18 2439
2458 19 2439
2459 20 2439
2460 12 2448
2461 13 2448
2462 14 2448
2463 15 2448
2464 16 2448
2465 17 2448
2466 18 2448
2467 19 2448
2468 20 2448
2469 21 2448
2470 13 2457
2471 14 2457
2472 15 2457
2473 16 2457
2474 17 2457
2475 18 2457
2476 19 2457
2477 20 2457
2478 21 2457
2479 22 2457
2480 14 2466
2481 15 2466
2482 16 2466
2483 17 2466
2484 18 2466
2485 19 2466
2486 20 2466
2487 21 2466
2488 22 2466
2489 23 2466
2490 15 2475
2491 16 2475
2492 17 2475
2493 18 2475
2494 19 2475
2495 20 2475
2496 21 2475
2497 22 2475
2498 23 2475
2499 24 2475
2500 7 2493
2501 8 2493
2502 9 2493
2503 10 2493
2504 11 2493
2505 12 2493
2506 13 2493
2507 14 2493
2508 15 2493
2509 16 2493
2510 8 2502
2511 9 2502
2512 10 2502
2513 11 2502
2514 12 2502
2515 13 2502
2516 14 2502
2517 15 2502
2518 16 2502
2519 17 2502
2520 9 2511
2521 10 2511
2522 11 2511
2523 12 2511
2524 13 2511
2525 14 2511
2526 15 2511
2527 16 2511
2528 17 2511
2529 18 2511
2530 10 2520
2531 11 2520
2532 12 2520
2533 13 2520
2534 14 2520
2535 15 2520
2536 16 2520
2537 17 2520
2538 18 2520
2539 19 2520
2540 11 2529
2541 12 2529
2542 13 2529
2543 14 2529
2544 15 2529
2545 16 2529
2546 17 2529
2547 18 2529
2548 19 2529
2549 20 2529
2550 12 2538
2551 13 2538
2552 14 2538
2553 15 2538
2554 16 2538
2555 17 2538
2556 18 2538
2557 19 2538
2558 20 2538
2559 21 2538
2560 13 2547
2561 14 2547
2562 15 2547
2563 16 2547
2564 17 2547
2565 18 2547
2566 19 2547
2567 20 2547
2568 21 2547
2569 22 2547
2570 14 2556
2571 15 2556
2572 16 2556
2573 17 2556
2574 18 2556
2575 19 2556
2576 20 2556
2577 21 2556
2578 22 2556
2579 23 2556
2580 15 2565
2581 16 2565
2582 17 2565
2583 18 2565
2584 19 2565
2585 20 2565
2586 21 2565
2587 22 2565
2588 23 2565
2589 24 2565
2590 16 2574
2591 17 2574
2592 18 2574
2593 19 2574
2594 20 2574
2595 21 2574
2596 22 2574
2597 23 2574
2598 24 2574
2599 25 2574
2600 8 2592
2601 9 2592
2602 10 2592
2603 11 2592
2604 12 2592
2605 13 2592
2606 14 2592
2607 15 2592
2608 16 2592
2609 17 2592
2610 9 2601
2611 10 2601
2612 11 2601
2613 12 2601
2614 13 2601
2615 14 2601
2616 15 2601
2617 16 2601
2618 17 2601
2619 18 2601
2620 10 2610
2621 11 2610
2622 12 2610
2623 13 2610
2624 14 2610
2625 15 2610
2626 16 2610
2627 17 2610
2628 18 2610
2629 19 2610
2630 11 2619
2631 12 2619
2632 13 2619
2633 14 2619
2634 15 2619
2635 16 2619
2636 17 2619
2637 18 2619
2638 19 2619
2639 20 2619
2640 12 2628
2641 13 2628
2642 14 2628
2643 15 2628
2644 16 2628
2645 17 2628
2646 18 2628
2647 19 2628
2648 20 2628
2649 21 2628
2650 13 2637
2651 14 2637
2652 15 2637
2653 16 2637
2654 17 2637
2655 18 2637
2656 19 2637
2657 20 2637
2658 21 2637
2659 22 2637
2660 14 2646
2661 15 2646
2662 16 2646
2663 17 2646
2664 18 2646
2665 19 2646
2666 20 2646
2667 21 2646
2668 22 2646
2669 23 2646
2670 15 2655
2671 16 2655
2672 17 2655
2673 18 2655
2674 19 2655
2675 20 2655
2676 21 2655
2677 22 2655
2678 23 2655
2679 24 2655
2680 16 2664
2681 17 2664
2682 18 2664
2683 19 2664
2684 20 2664
2685 21 2664
2686 22 2664
2687 23 2664
2688 24 2664
2689 25 2664
2690 17 2673
2691 18 2673
2692 19 2673
2693 20 2673
2694 21 2673
2695 22 2673
2696 23 2673
2697 24 2673
2698 25 2673
2699 26 2673
2700 9 2691
2701 10 2691
2702 11 2691
2703 12 2691
2704 13 2691
2705 14 2691
2706 15 2691
2707 16 2691
2708 17 2691
2709 18 2691
2710 10 2700
2711 11 2700
2712 12 2700
2713 13 2700
2714 14 2700
2715 15 2700
2716 16 2700
2717 17 2700
2718 18 2700
2719 19 2700
2720 11 2709
2721 12 2709
2722 13 2709
2723 14 2709
2724 15 2709
2725 16 2709
2726 17 2709
2727 18 2709
2728 19 2709
2729 20 2709
2730 12 2718
2731 13 2718
2732 14 2718
2733 15 2718
2734 16 2718
2735 17 2718
2736 18 2718
2737 19 2718
2738 20 2718
2739 21 2718
2740 13 2727
2741 14 2727
2742 15 2727
2743 16 2727
2744 17 2727
2745 18 2727
2746 19 2727
2747 20 2727
2748 21 2727
2749 22 2727
2750 14 2736
2751 15 2736
2752 16 2736
2753 17 2736
2754 18 2736
2755 19 2736
2756 20 2736
2757 21 2736
2758 22 2736
2759 23 2736
2760 15 2745
2761 16 2745
2762 17 2745
2763 18 2745
2764 19 2745
2765 20 2745
2766 21 2745
2767 22 2745
2768 23 2745
2769 24 2745
2770 16 2754
2771 17 2754
2772 18 2754
2773 19 2754
2774 20 2754
2775 21 2754
2776 22 2754
2777 23 2754
2778 24 2754
2779 25 2754
2780 17 2763
2781 18 2763
2782 19 2763
2783 20 2763
2784 21 2763
2785 22 2763
2786 23 2763
2787 24 2763
2788 25 2763
2789 26 2763
2790 18 2772
2791 19 2772
2792 20 2772
2793 21 2772
2794 22 2772
2795 23 2772
2796 24 2772
2797 25 2772
2798 26 2772
2799 27 2772
2800 10 2790
2801 11 2790
2802 12 2790
2803 13 2790
2804 14 2790
2805 15 2790
2806 16 2790
2807 17 2790
2808 18 2790
2809 19 2790
2810 11 2799
2811 12 2799
2812 13 2799
2813 14 2799
2814 15 2799
2815 16 2799
2816 17 2799
2817 18 2799
2818 19 2799
2819 20 2799
2820 12 2808
2821 13 2808
2822 14 2808
2823 15 2808
2824 16 2808
2825 17 2808
2826 18 2808
2827 19 2808
2828 20 2808
2829 21 2808
2830 13 2817
2831 14 2817
2832 15 2817
2833 16 2817
2834 17 2817
2835 18 2817
2836 19 2817
2837 20 2817
2838 21 2817
2839 22 2817
2840 14 2826
2841 15 2826
2842 16 2826
2843 17 2826
2844 18 2826
2845 19 2826
2846 20 2826
2847 21 2826
2848 22 2826
2849 23 2826
2850 15 2835
2851 16 2835
2852 17 2835
2853 18 2835
2854 19 2835
2855 20 2835
2856 21 2835
2857 22 2835
2858 23 2835
2859 24 2835
2860 16 2844
2861 17 2844
2862 18 2844
2863 19 2844
2864 20 2844
2865 21 2844
2866 22 2844
2867 23 2844
2868 24 2844
2869 25 2844
2870 17 2853
2871 18 2853
2872 19 2853
2873 20 2853
2874 21 2853
2875 22 2853
2876 23 2853
2877 24 2853
2878 25 2853
2879 26 2853
2880 18 2862
2881 19 2862
2882 20 2862
2883 21 2862
2884 22 2862
2885 23 2862
2886 24 2862
2887 25 2862
2888 26 2862
2889 27 2862
2890 19 2871
2891 20 2871
2892 21 2871
2893 22 2871
2894 23 2871
2895 24 2871
2896 25 2871
2897 26 2871
2898 27 2871
2899 28 2871
2900 11 2889
2901 12 2889
2902 13 2889
2903 14 2889
2904 15 2889
2905 16 2889
2906 17 2889
2907 18 2889
2908 19 2889
2909 20 2889
2910 12 2898
2911 13 2898
2912 14 2898
2913 15 2898
2914 16 2898
2915 17 2898
2916 18 2898
2917 19 2898
2918 20 2898
2919 21 2898
2920 13 2907
2921 14 2907
2922 15 2907
2923 16 2907
2924 17 2907
2925 18 2907
2926 19 2907
2927 20 2907
2928 21 2907
2929 22 2907
2930 14 2916
2931 15 2916
2932 16 2916
2933 17 2916
2934 18 2916
2935 19 2916
2936 20 2916
2937 21 2916
2938 22 2916
2939 23 2916
2940 15 2925
2941 16 2925
2942 17 2925
2943 18 2925
2944 19 2925
2945 20 2925
2946 21 2925
2947 22 2925
2948 23 2925
2949 24 2925
2950 16 2934
2951 17 2934
2952 18 2934
2953 19 2934
2954 20 2934
2955 21 2934
2956 22 2934
2957 23 2934
2958 24 2934
2959 25 2934
2960 17 2943
2961 18 2943
2962 19 2943
2963 20 2943
2964 21 2943
2965 22 2943
2966 23 2943
2967 24 2943
2968 25 2943
2969 26 2943
2970 18 2952
2971 19 2952
2972 20 2952
2973 21 2952
2974 22 2952
2975 23 2952
2976 24 2952
2977 25 2952
2978 26 2952
2979 27 2952
2980 19 2961
2981 20 2961
2982 21 2961
2983 22 2961
2984 23 2961
2985 24 2961
2986 25 2961
2987 26 2961
2988 27 2961
2989 28 2961
2990 20 2970
2991 21 2970
2992 22 2970
2993 23 2970
2994 24 2970
2995 25 2970
2996 26 2970
2997 27 2970
2998 28 2970
2999 29 2970
